1,1,123.1,334.7,132.65,57.170000000000016,1,1,1.0
1,2,209.9,251.5,92.61999999999998,39.829999999999984,1,1,1.0
1,3,734.11,266.56,71.09000000000003,38.75,1,1,1.0
2,1,99.23,337.51,135.46999999999997,58.59000000000003,1,1,1.0
2,2,209.83,251.63,92.68999999999997,39.75999999999999,1,1,1.0
2,3,719.74,268.9,71.36000000000001,38.210000000000036,1,1,1.0
3,1,73.96,342.4,138.24,58.26000000000005,1,1,1.0
3,2,209.76,251.76,92.75999999999999,39.69999999999999,1,1,1.0
3,3,707.7,270.18,74.39999999999998,38.20999999999998,1,1,1.0
4,1,49.95,346.41,137.75,58.789999999999964,1,1,1.0
4,2,209.69,251.89,92.82999999999998,39.639999999999986,1,1,1.0
4,3,693.58,272.24,74.39999999999998,38.19999999999999,1,1,1.0
5,1,24.42,348.49,142.48000000000002,62.50999999999999,1,1,1.0
5,2,209.62,252.02,92.89999999999998,39.58000000000001,1,1,1.0
5,3,678.19,274.0,76.20999999999992,39.77999999999997,1,1,1.0
6,1,0.46,353.18,148.23999999999998,62.50999999999999,1,1,1.0
6,2,209.55,252.15,92.96999999999997,39.51000000000002,1,1,1.0
6,3,665.87,275.03,76.23000000000002,39.78000000000003,1,1,1.0
7,1,0.46,353.7,123.74000000000001,67.69999999999999,1,1,1.0
7,2,209.48,252.28,93.03999999999999,39.45000000000002,1,1,1.0
7,3,651.5,277.59,76.23000000000002,39.78000000000003,1,1,1.0
8,1,0.46,360.0,100.84,64.5,1,1,1.0
8,2,209.42,252.42,93.1,39.380000000000024,1,1,1.0
8,3,636.61,277.59,77.99000000000001,41.31,1,1,1.0
9,1,0.0,364.7,77.3,56.69999999999999,1,1,1.0
9,2,209.35,252.55,93.16999999999999,39.31,1,1,1.0
9,3,621.47,279.6,82.13,43.14999999999998,1,1,1.0
10,1,0.0,370.4,52.3,51.0,1,1,1.0
10,2,209.28,252.68,93.23999999999998,39.25,1,1,1.0
10,3,605.3,284.0,82.13,42.48000000000002,1,1,1.0
11,1,0.0,380.3,27.8,45.80000000000001,1,1,1.0
11,2,209.21,252.81,93.30999999999997,39.19,1,1,1.0
11,3,590.37,285.87,84.42999999999995,42.48000000000002,1,1,1.0
12,2,209.14,252.94,93.38,39.129999999999995,1,1,1.0
12,3,575.21,287.16,84.42999999999995,42.47999999999996,1,1,1.0
13,2,209.07,253.07,93.44999999999999,39.06,1,1,1.0
13,3,559.7,289.09,85.75,42.48000000000002,1,1,1.0
14,2,209.0,253.2,93.51999999999998,39.0,1,1,1.0
14,3,543.57,290.38,85.75,43.120000000000005,1,1,1.0
15,2,209.9,252.4,92.61999999999998,38.92999999999998,1,1,1.0
15,3,527.44,293.93,88.65999999999997,43.46999999999997,1,1,1.0
16,2,207.8,252.4,94.71999999999997,39.02000000000001,1,1,1.0
16,3,510.99,294.57,89.30999999999995,47.03000000000003,1,1,1.0
17,2,207.92,252.4,94.6,39.119999999999976,1,1,1.0
17,3,494.22,298.77,91.57999999999993,47.02000000000004,1,1,1.0
18,2,208.05,252.4,94.46999999999997,39.22,1,1,1.0
18,3,475.19,300.06,95.10999999999996,49.639999999999986,1,1,1.0
19,2,208.17,252.4,94.35,39.32000000000002,1,1,1.0
19,3,458.6,302.96,95.11000000000001,49.64000000000004,1,1,1.0
20,2,208.3,252.4,94.21999999999997,39.41,1,1,1.0
20,3,441.59,303.79,95.12000000000006,51.31,1,1,1.0
21,2,208.42,252.4,94.1,39.51000000000002,1,1,1.0
21,3,424.59,307.11,98.81,51.31,1,1,1.0
22,2,208.55,252.4,93.96999999999997,39.609999999999985,1,1,1.0
22,3,404.68,311.26,101.71999999999997,51.31,1,1,1.0
23,2,208.67,252.4,93.85,39.70000000000002,1,1,1.0
23,3,386.0,313.33,104.23000000000002,54.27000000000004,1,1,1.0
24,2,208.8,252.4,93.71999999999997,39.79999999999998,1,1,1.0
24,3,368.58,317.89,105.92000000000002,54.27000000000004,1,1,1.0
25,2,208.8,252.43,93.71999999999997,39.77999999999997,1,1,1.0
25,3,349.92,320.38,106.77999999999997,54.26999999999998,1,1,1.0
26,2,208.8,252.47,93.71999999999997,39.73999999999998,1,1,1.0
26,3,330.55,325.31,108.84999999999997,54.26999999999998,1,1,1.0
27,2,208.8,252.5,93.71999999999997,39.72000000000003,1,1,1.0
27,3,309.07,325.7,112.32999999999998,58.5,1,1,1.0
28,2,208.8,252.54,93.71999999999997,39.680000000000035,1,1,1.0
28,3,287.6,329.57,115.79999999999995,58.5,1,1,1.0
29,2,208.8,252.57,93.71999999999997,39.660000000000025,1,1,1.0
29,3,267.88,332.39,115.80000000000001,60.610000000000014,1,1,1.0
30,2,208.8,252.61,93.71999999999997,39.629999999999995,1,1,1.0
30,3,244.77,336.17,121.72999999999999,60.60999999999996,1,1,1.0
31,2,208.8,252.64,93.71999999999997,39.60000000000002,1,1,1.0
31,3,222.09,339.1,123.80999999999997,62.299999999999955,1,1,1.0
32,2,208.8,252.68,93.71999999999997,39.56999999999999,1,1,1.0
32,3,200.66,344.98,127.64000000000001,62.299999999999955,1,1,1.0
33,2,208.8,252.71,93.71999999999997,39.54999999999998,1,1,1.0
33,3,177.14,348.34,129.36,62.31,1,1,1.0
34,2,208.8,252.74,93.71999999999997,39.51999999999998,1,1,1.0
34,3,151.09,350.9,136.91,65.63,1,1,1.0
35,2,208.8,252.78,93.71999999999997,39.48999999999998,1,1,1.0
35,3,125.9,355.5,138.57000000000002,67.32999999999998,1,1,1.0
36,2,208.8,252.81,93.71999999999997,39.45999999999998,1,1,1.0
36,3,101.53,360.12,143.17,67.32999999999998,1,1,1.0
37,2,208.8,252.85,93.71999999999997,39.42999999999998,1,1,1.0
37,3,75.91,365.58,144.39000000000001,67.33000000000004,1,1,1.0
38,2,208.8,252.88,93.71999999999997,39.410000000000025,1,1,1.0
38,3,47.3,367.68,152.0,73.21999999999997,1,1,1.0
39,2,208.8,252.92,93.71999999999997,39.37000000000003,1,1,1.0
39,3,20.41,374.4,155.79,73.22000000000003,1,1,1.0
40,2,208.8,252.95,93.71999999999997,39.35000000000002,1,1,1.0
40,3,0.0,377.35,150.2,74.84999999999997,1,1,1.0
41,2,208.8,252.98,93.71999999999997,39.33000000000001,1,1,1.0
41,3,0.0,380.7,125.4,79.90000000000003,1,1,1.0
42,2,208.8,253.02,93.71999999999997,39.28999999999999,1,1,1.0
42,3,0.0,387.0,101.0,77.0,1,1,1.0
43,2,208.8,253.05,93.71999999999997,39.26999999999998,1,1,1.0
43,3,0.0,394.1,75.4,63.599999999999966,1,1,1.0
44,2,208.8,253.09,93.71999999999997,39.22999999999999,1,1,1.0
44,3,0.0,405.4,49.8,56.5,1,1,1.0
45,2,208.8,253.12,93.71999999999997,39.20999999999998,1,1,1.0
45,3,0.0,415.9,22.5,42.60000000000002,1,1,1.0
46,2,208.8,253.16,93.71999999999997,39.17999999999998,1,1,1.0
47,2,208.8,253.19,93.71999999999997,39.14999999999998,1,1,1.0
48,2,208.8,253.23,93.71999999999997,39.12000000000003,1,1,1.0
49,2,208.8,253.26,93.71999999999997,39.10000000000002,1,1,1.0
50,2,208.8,253.29,93.71999999999997,39.07000000000002,1,1,1.0
51,2,208.8,253.33,93.71999999999997,39.03999999999999,1,1,1.0
51,4,950.56,229.6,9.440000000000055,48.97,1,1,1.0
52,2,208.8,253.36,93.71999999999997,39.00999999999999,1,1,1.0
52,4,946.2,228.1,13.799999999999955,50.47,1,1,1.0
53,2,208.8,253.4,93.71999999999997,38.97999999999999,1,1,1.0
53,4,942.7,228.1,17.299999999999955,53.70000000000002,1,1,1.0
54,2,208.8,253.43,93.71999999999997,38.95999999999998,1,1,1.0
54,4,937.7,228.1,22.299999999999955,54.00000000000003,1,1,1.0
55,2,208.8,253.47,93.71999999999997,38.91999999999999,1,1,1.0
55,4,933.3,228.1,26.700000000000045,58.70000000000002,1,1,1.0
56,2,208.8,253.5,93.71999999999997,38.89999999999998,1,1,1.0
56,4,928.3,226.6,31.700000000000045,60.20000000000002,1,1,1.0
57,2,208.8,253.73,93.71999999999997,38.66999999999999,1,1,1.0
57,4,924.5,226.6,35.5,60.20000000000002,1,1,1.0
58,2,208.8,253.97,93.71999999999997,38.42999999999998,1,1,1.0
58,4,917.8,226.6,42.200000000000045,65.20000000000002,1,1,1.0
59,2,208.8,254.2,93.71999999999997,38.19999999999999,1,1,1.0
59,4,912.14,226.63,47.860000000000014,66.82999999999998,1,1,1.0
60,2,208.8,254.2,93.71999999999997,38.55000000000001,1,1,1.0
60,4,906.48,226.66,53.51999999999998,68.46000000000001,1,1,1.0
61,2,208.8,254.2,93.71999999999997,38.900000000000034,1,1,1.0
61,4,900.82,226.69,59.17999999999995,70.08999999999997,1,1,1.0
62,2,208.8,254.2,93.71999999999997,40.0,1,1,1.0
62,4,895.16,226.72,64.84000000000003,71.72,1,1,1.0
63,2,208.8,255.1,93.71999999999997,39.099999999999994,1,1,1.0
63,4,889.5,226.75,70.5,73.35000000000002,1,1,1.0
64,2,208.8,255.1,93.71999999999997,39.47,1,1,1.0
64,4,883.84,226.78,76.15999999999997,74.97999999999999,1,1,1.0
65,2,208.8,255.1,93.71999999999997,39.83000000000001,1,1,1.0
65,4,878.18,226.81,81.82000000000005,76.61000000000001,1,1,1.0
66,2,208.8,255.1,93.71999999999997,40.20000000000002,1,1,1.0
66,4,872.52,226.84,87.48000000000002,78.23999999999998,1,1,1.0
67,2,208.8,255.1,93.71999999999997,40.25000000000003,1,1,1.0
67,4,866.86,226.87,93.13999999999999,79.87,1,1,1.0
68,2,208.8,255.1,93.71999999999997,40.29999999999998,1,1,1.0
68,4,861.2,226.9,98.79999999999995,81.49999999999997,1,1,1.0
69,2,208.8,255.1,93.71999999999997,40.349999999999994,1,1,1.0
69,4,854.09,227.48,105.75999999999999,82.58000000000001,1,1,1.0
70,2,208.8,255.1,93.71999999999997,40.400000000000006,1,1,1.0
70,4,846.98,228.06,112.72000000000003,83.66000000000003,1,1,1.0
71,2,208.8,255.4,93.71999999999997,40.33000000000001,1,1,1.0
71,4,839.87,228.64,119.67999999999995,84.75,1,1,1.0
72,2,208.8,255.7,93.71999999999997,40.27000000000004,1,1,1.0
72,4,832.76,229.22,126.63999999999999,85.83000000000001,1,1,1.0
73,2,208.8,256.0,93.71999999999997,40.19999999999999,1,1,1.0
73,4,825.65,229.8,133.60000000000002,86.90999999999997,1,1,1.0
74,2,208.8,256.0,93.68,40.19999999999999,1,1,1.0
74,4,818.54,230.38,140.56000000000006,87.99000000000001,1,1,1.0
75,2,208.8,256.0,93.63999999999999,40.19999999999999,1,1,1.0
75,4,811.43,230.96,147.5200000000001,89.06999999999996,1,1,1.0
76,2,208.8,256.0,93.59999999999997,40.19999999999999,1,1,1.0
76,4,804.32,231.54,154.4799999999999,90.15,1,1,1.0
77,2,208.8,256.0,93.55000000000001,40.19999999999999,1,1,1.0
77,4,797.21,232.12,161.43999999999994,91.24000000000001,1,1,1.0
77,5,790.8,262.68,31.600000000000023,23.480000000000018,1,1,1.0
78,2,208.8,256.0,93.50999999999999,40.19999999999999,1,1,1.0
78,4,790.1,232.7,168.39999999999998,92.32,1,1,1.0
78,5,780.04,262.35,31.600000000000023,23.47999999999996,1,1,1.0
79,2,208.8,256.0,93.46999999999997,40.19999999999999,1,1,1.0
79,4,781.66,233.78,170.93000000000006,93.45000000000002,1,1,1.0
79,5,772.54,262.68,31.600000000000023,23.480000000000018,1,1,1.0
79,6,949.53,237.58,10.470000000000027,29.68999999999997,1,1,1.0
80,2,208.8,256.0,93.43,40.19999999999999,1,1,1.0
80,4,773.22,234.86,173.45999999999992,94.57,1,1,1.0
80,5,761.45,261.7,31.59999999999991,26.100000000000023,1,1,1.0
80,6,943.37,238.1,11.360000000000014,29.97999999999999,1,1,1.0
81,2,208.8,256.0,93.38,40.19999999999999,1,1,1.0
81,4,764.78,235.94,175.99,95.69999999999999,1,1,1.0
81,5,751.34,261.38,31.600000000000023,27.120000000000005,1,1,1.0
81,6,937.21,238.62,12.240000000000009,30.25999999999999,1,1,1.0
82,2,208.8,256.0,93.33999999999997,40.19999999999999,1,1,1.0
82,4,756.34,237.02,178.51999999999998,96.83000000000001,1,1,1.0
82,5,741.6,261.38,32.89999999999998,27.120000000000005,1,1,1.0
82,6,931.05,239.14,13.129999999999995,30.55000000000001,1,1,1.0
83,2,208.8,256.0,93.30000000000001,40.19999999999999,1,1,1.0
83,4,747.9,238.1,181.05000000000007,97.96000000000001,1,1,1.0
83,5,732.79,262.68,32.91000000000008,27.120000000000005,1,1,1.0
83,6,924.88,239.66,14.019999999999982,30.840000000000003,1,1,1.0
84,2,208.8,255.88,93.30000000000001,40.24000000000001,1,1,1.0
84,4,739.46,239.18,183.57999999999993,99.08999999999997,1,1,1.0
84,5,720.4,262.68,33.200000000000045,29.71999999999997,1,1,1.0
84,6,919.24,240.25,14.019999999999982,30.839999999999975,1,1,1.0
85,2,208.8,255.76,93.30000000000001,40.28000000000003,1,1,1.0
85,4,731.02,240.26,186.11,100.22000000000003,1,1,1.0
85,5,710.95,263.33,35.84999999999991,29.720000000000027,1,1,1.0
85,6,911.8,240.55,16.710000000000036,30.839999999999975,1,1,1.0
86,2,208.8,255.65,93.30000000000001,40.29999999999998,1,1,1.0
86,4,722.58,241.34,188.64,101.34,1,1,1.0
86,5,699.21,263.01,37.49000000000001,29.720000000000027,1,1,1.0
86,6,904.97,241.14,16.709999999999923,30.850000000000023,1,1,1.0
87,2,208.8,255.53,93.30000000000001,40.34,1,1,1.0
87,4,714.14,242.42,191.16999999999996,102.47,1,1,1.0
87,5,688.12,264.31,39.77999999999997,29.71999999999997,1,1,1.0
87,6,899.92,241.44,16.710000000000036,30.839999999999975,1,1,1.0
88,2,208.8,255.41,93.30000000000001,40.380000000000024,1,1,1.0
88,4,705.7,243.5,193.69999999999993,103.60000000000002,1,1,1.0
88,5,676.71,264.96,39.77999999999997,29.720000000000027,1,1,1.0
88,6,889.2,242.62,18.819999999999936,30.850000000000023,1,1,1.0
89,2,208.8,255.29,93.30000000000001,40.41999999999999,1,1,1.0
89,4,694.51,244.58,197.57000000000005,105.16999999999999,1,1,1.0
89,5,664.32,265.17,39.77999999999997,29.71999999999997,1,1,1.0
89,6,869.0,243.8,33.10000000000002,30.860000000000014,1,1,1.0
90,2,208.8,255.17,93.30000000000001,40.46000000000001,1,1,1.0
90,4,683.32,245.66,201.43999999999994,106.75000000000003,1,1,1.0
90,5,653.83,265.8,43.370000000000005,30.560000000000002,1,1,1.0
90,6,861.87,243.2,33.10000000000002,33.24000000000001,1,1,1.0
91,2,208.8,255.05,93.30000000000001,40.5,1,1,1.0
91,4,672.13,246.74,205.31000000000006,108.32,1,1,1.0
91,5,642.07,265.6,46.129999999999995,31.599999999999966,1,1,1.0
91,6,852.4,244.39,38.39999999999998,33.24000000000001,1,1,1.0
92,2,208.8,254.94,93.30000000000001,40.51999999999998,1,1,1.0
92,4,660.94,247.82,209.17999999999995,109.90000000000003,1,1,1.0
92,5,629.06,266.65,65.6400000000001,31.600000000000023,1,1,1.0
92,6,842.31,245.58,38.40000000000009,33.22999999999999,1,1,1.0
93,2,208.8,254.82,93.30000000000001,40.56,1,1,1.0
93,4,649.75,248.9,213.04999999999995,111.47,1,1,1.0
93,5,616.1,266.86,69.39999999999998,31.599999999999966,1,1,1.0
93,6,837.26,247.06,38.39999999999998,33.24000000000001,1,1,1.0
94,2,208.8,254.7,93.30000000000001,40.60000000000002,1,1,1.0
94,4,638.56,249.98,216.92000000000007,113.03999999999999,1,1,1.0
94,5,603.7,266.86,71.27999999999997,31.599999999999966,1,1,1.0
94,6,817.4,247.36,48.15999999999997,33.24000000000001,1,1,1.0
95,2,208.68,254.7,92.99000000000001,40.60000000000002,1,1,1.0
95,4,627.37,251.06,220.78999999999996,114.62,1,1,1.0
95,5,593.22,267.49,71.67999999999995,31.599999999999966,1,1,1.0
95,6,810.87,247.65,48.15999999999997,33.23999999999998,1,1,1.0
96,2,208.57,254.7,92.66000000000003,40.60000000000002,1,1,1.0
96,4,616.18,252.14,224.66000000000008,116.19,1,1,1.0
96,5,578.95,267.92,75.14999999999998,31.599999999999966,1,1,1.0
96,6,802.56,248.54,48.16000000000008,33.23999999999998,1,1,1.0
97,2,208.45,254.7,92.35000000000002,40.60000000000002,1,1,1.0
97,4,604.99,253.22,228.52999999999997,117.77000000000001,1,1,1.0
97,5,567.28,268.78,75.14999999999998,31.600000000000023,1,1,1.0
97,6,788.3,248.2,56.180000000000064,30.0,1,1,1.0
98,2,208.33,254.7,92.03999999999999,40.60000000000002,1,1,1.0
98,4,593.8,254.3,232.4000000000001,119.33999999999997,1,1,1.0
98,5,555.17,269.22,80.33000000000004,31.599999999999966,1,1,1.0
98,6,775.83,248.79,56.17999999999995,30.00000000000003,1,1,1.0
99,2,208.22,254.7,91.71000000000001,40.60000000000002,1,1,1.0
99,4,579.02,255.79,238.82000000000005,121.62000000000003,1,1,1.0
99,5,543.93,269.65,84.17000000000007,33.75,1,1,1.0
99,6,768.71,249.39,56.17999999999995,28.810000000000002,1,1,1.0
100,2,208.1,254.7,91.4,40.60000000000002,1,1,1.0
100,4,564.25,257.28,245.23000000000002,123.89000000000004,1,1,1.0
100,5,525.35,270.64,85.44999999999993,33.75999999999999,1,1,1.0
100,6,758.91,250.58,56.180000000000064,28.809999999999974,1,1,1.0
101,2,208.1,254.7,92.25000000000003,40.60000000000002,1,1,1.0
101,4,549.47,258.77,251.64999999999998,126.17000000000002,1,1,1.0
101,5,512.41,269.98,87.49000000000001,33.75,1,1,1.0
101,6,742.0,250.87,62.700000000000045,28.819999999999993,1,1,1.0
102,2,208.1,254.7,93.1,40.60000000000002,1,1,1.0
102,4,534.7,260.26,258.05999999999995,128.44,1,1,1.0
102,5,497.82,271.64,94.07999999999998,33.75,1,1,1.0
102,6,731.9,251.47,62.700000000000045,28.809999999999974,1,1,1.0
103,2,208.1,254.7,93.50000000000003,40.60000000000002,1,1,1.0
103,4,519.92,261.75,264.48,130.72000000000003,1,1,1.0
103,5,485.87,271.64,95.13,33.75,1,1,1.0
103,6,722.7,252.65,62.69999999999993,22.849999999999994,1,1,1.0
104,2,208.1,254.7,93.50000000000003,40.54000000000002,1,1,1.0
104,4,505.15,263.24,270.89,133.0,1,1,1.0
104,5,472.93,272.3,97.46999999999997,33.75,1,1,1.0
104,6,709.3,253.54,65.41000000000008,19.56000000000003,1,1,1.0
104,7,949.76,228.26,10.240000000000009,36.98000000000002,1,1,1.0
105,2,208.1,254.7,93.50000000000003,40.47000000000003,1,1,1.0
105,4,490.37,264.73,277.30999999999995,135.26999999999998,1,1,1.0
105,5,457.01,273.3,97.47000000000003,34.74000000000001,1,1,1.0
105,6,697.1,252.95,66.91999999999996,19.560000000000002,1,1,1.0
105,7,945.8,226.78,14.200000000000045,39.099999999999994,1,1,1.0
106,2,208.1,254.7,93.50000000000003,40.410000000000025,1,1,1.0
106,4,475.6,266.22,283.72,137.54999999999995,1,1,1.0
106,5,442.08,273.3,97.46999999999997,34.74000000000001,1,1,1.0
106,6,683.1,253.25,72.30999999999995,19.55000000000001,1,1,1.0
106,7,941.83,225.31,18.16999999999996,41.19999999999999,1,1,1.0
107,2,208.1,254.7,93.50000000000003,40.34000000000003,1,1,1.0
107,4,460.82,267.71,290.14000000000004,139.82,1,1,1.0
107,5,430.47,273.96,99.42999999999995,34.75,1,1,1.0
107,6,671.82,254.44,72.30999999999995,19.55000000000001,1,1,1.0
107,7,937.86,223.83,22.139999999999986,43.319999999999965,1,1,1.0
108,2,208.1,254.7,93.50000000000003,40.28000000000003,1,1,1.0
108,4,446.05,269.2,296.55,142.10000000000002,1,1,1.0
108,5,414.21,274.96,101.08999999999997,35.04000000000002,1,1,1.0
108,6,658.46,255.03,72.30999999999995,19.549999999999983,1,1,1.0
108,7,933.9,222.35,26.100000000000023,45.440000000000026,1,1,1.0
109,2,208.1,254.7,93.50000000000003,40.210000000000036,1,1,1.0
109,4,427.82,271.03,303.96999999999997,145.10000000000002,1,1,1.0
109,5,402.27,276.29,101.09000000000003,35.039999999999964,1,1,1.0
109,6,638.0,255.03,85.04999999999995,19.549999999999983,1,1,1.0
109,7,929.93,220.88,30.07000000000005,47.54000000000002,1,1,1.0
110,2,208.1,254.7,93.50000000000003,40.150000000000034,1,1,1.0
110,4,409.6,272.86,311.38,148.09999999999997,1,1,1.0
110,5,387.1,274.9,104.5,36.80000000000001,1,1,1.0
110,6,621.7,256.22,87.68999999999994,20.17999999999995,1,1,1.0
110,7,925.96,219.4,34.039999999999964,49.66,1,1,1.0
111,2,208.1,254.7,93.50000000000003,40.079999999999984,1,1,1.0
111,4,391.38,274.69,318.78999999999996,151.10000000000002,1,1,1.0
111,5,372.1,275.96,105.42999999999995,37.08000000000004,1,1,1.0
111,6,609.82,255.92,87.69999999999993,24.97999999999999,1,1,1.0
111,7,922.0,217.93,38.0,51.75999999999999,1,1,1.0
112,2,208.1,254.7,93.50000000000003,40.02000000000004,1,1,1.0
112,4,373.15,276.52,326.21000000000004,154.10000000000002,1,1,1.0
112,5,357.1,277.02,106.35999999999996,37.360000000000014,1,1,1.0
112,6,595.9,257.7,92.71000000000004,24.980000000000018,1,1,1.0
112,7,918.03,216.45,41.97000000000003,53.879999999999995,1,1,1.0
113,2,208.1,254.7,93.50000000000003,39.94999999999999,1,1,1.0
113,4,354.93,278.35,333.61999999999995,157.09999999999997,1,1,1.0
113,5,342.1,278.08,107.28999999999996,37.64000000000004,1,1,1.0
113,6,582.5,258.0,93.94000000000005,24.69999999999999,1,1,1.0
113,7,914.07,214.98,45.92999999999995,55.97999999999999,1,1,1.0
114,2,208.1,254.7,93.50000000000003,39.889999999999986,1,1,1.0
114,4,336.7,280.18,341.04,160.09999999999997,1,1,1.0
114,5,327.1,279.14,108.21999999999997,37.920000000000016,1,1,1.0
114,6,565.8,258.3,98.46000000000004,27.099999999999966,1,1,1.0
114,7,910.1,213.5,49.89999999999998,58.10000000000002,1,1,1.0
115,2,208.1,254.7,93.50000000000003,39.81999999999999,1,1,1.0
115,4,318.48,282.01,348.44999999999993,163.10000000000002,1,1,1.0
115,5,312.1,280.2,109.14999999999998,38.19999999999999,1,1,1.0
115,6,553.33,259.78,98.45999999999992,27.100000000000023,1,1,1.0
115,7,904.76,213.98,55.24000000000001,58.20000000000002,1,1,1.0
116,2,208.1,254.7,93.50000000000003,39.75999999999999,1,1,1.0
116,4,300.25,283.84,355.87,166.10000000000002,1,1,1.0
116,5,297.1,281.26,110.07999999999998,38.48000000000002,1,1,1.0
116,6,548.9,259.78,89.83000000000004,27.100000000000023,1,1,1.0
116,7,899.42,214.46,60.58000000000004,58.29999999999998,1,1,1.0
117,2,208.1,254.7,93.50000000000003,39.69,1,1,1.0
117,4,282.03,285.67,363.28,169.09999999999997,1,1,1.0
117,5,282.1,282.32,111.00999999999999,38.75999999999999,1,1,1.0
117,6,523.1,261.27,101.07999999999993,31.53000000000003,1,1,1.0
117,7,894.08,214.94,65.18999999999994,58.39999999999998,1,1,1.0
118,2,208.1,254.7,93.50000000000003,39.629999999999995,1,1,1.0
118,4,263.81,287.5,370.69,172.10000000000002,1,1,1.0
118,5,267.1,283.38,111.94,39.04000000000002,1,1,1.0
118,6,509.1,262.45,103.5,31.54000000000002,1,1,1.0
118,7,888.74,215.42,69.78999999999996,58.50000000000003,1,1,1.0
119,2,208.1,254.7,93.50000000000003,39.56,1,1,1.0
119,4,238.58,289.53,382.7299999999999,177.32000000000005,1,1,1.0
119,5,252.1,284.44,112.87000000000003,39.31999999999999,1,1,1.0
119,6,495.44,263.0,103.50000000000006,32.47000000000003,1,1,1.0
119,7,883.4,215.9,74.39999999999998,58.599999999999994,1,1,1.0
120,2,208.1,254.7,93.50000000000003,39.5,1,1,1.0
120,4,213.35,291.56,394.77,182.54000000000002,1,1,1.0
120,5,237.1,285.5,113.79999999999998,39.60000000000002,1,1,1.0
120,6,480.0,263.89,103.50999999999999,32.47000000000003,1,1,1.0
120,7,878.06,216.38,75.21000000000004,58.69999999999999,1,1,1.0
121,2,208.1,254.7,93.50000000000003,36.69999999999999,1,1,1.0
121,4,188.12,293.59,406.80999999999995,187.76000000000005,1,1,1.0
121,5,219.42,286.8,115.33000000000001,40.00999999999999,1,1,1.0
121,6,465.8,264.19,107.02000000000004,36.00999999999999,1,1,1.0
121,7,872.72,216.86,76.02999999999997,58.80000000000001,1,1,1.0
122,2,208.1,254.7,93.50000000000003,37.25,1,1,1.0
122,4,162.89,295.62,418.85,192.98000000000002,1,1,1.0
122,5,201.74,288.1,116.86000000000001,40.41999999999996,1,1,1.0
122,6,452.44,264.48,107.02000000000004,36.01999999999998,1,1,1.0
122,7,867.38,217.34,76.84000000000003,58.900000000000006,1,1,1.0
123,2,208.1,254.7,93.50000000000003,37.80000000000001,1,1,1.0
123,4,137.66,297.65,430.89,198.20000000000005,1,1,1.0
123,5,184.06,289.4,118.38999999999999,40.83000000000004,1,1,1.0
123,6,436.11,266.27,107.01999999999998,36.00999999999999,1,1,1.0
123,7,862.04,217.82,77.65000000000009,59.0,1,1,1.0
124,2,208.1,254.7,93.50000000000003,39.80000000000001,1,1,1.0
124,4,112.43,299.68,442.93,203.42000000000002,1,1,1.0
124,5,166.38,290.7,119.92000000000002,41.24000000000001,1,1,1.0
124,6,422.75,267.16,107.00999999999999,38.639999999999986,1,1,1.0
124,7,856.7,218.3,78.46999999999991,59.099999999999966,1,1,1.0
125,2,208.1,254.7,93.50000000000003,40.69999999999999,1,1,1.0
125,4,87.2,301.71,454.96999999999997,208.64000000000004,1,1,1.0
125,5,148.7,292.0,121.44999999999999,41.639999999999986,1,1,1.0
125,6,407.3,268.05,110.89000000000004,38.639999999999986,1,1,1.0
125,7,850.47,218.62,79.51999999999998,59.56999999999999,1,1,1.0
126,2,208.1,254.82,93.44000000000003,40.44,1,1,1.0
126,4,61.97,303.74,467.01,213.86,1,1,1.0
126,5,131.02,293.3,122.97999999999999,42.05000000000001,1,1,1.0
126,6,391.9,267.2,114.41000000000003,43.10000000000002,1,1,1.0
126,7,844.24,218.93,80.56999999999994,60.05000000000001,1,1,1.0
127,2,208.1,254.94,93.37000000000003,40.19,1,1,1.0
127,4,36.74,305.77,479.04999999999995,219.08000000000004,1,1,1.0
127,5,113.34,294.6,124.50999999999999,42.45999999999998,1,1,1.0
127,6,380.02,268.39,114.41000000000003,43.10000000000002,1,1,1.0
127,7,838.01,219.25,81.62,60.51999999999998,1,1,1.0
128,2,208.1,255.05,93.31000000000003,39.94,1,1,1.0
128,4,11.51,307.8,491.09000000000003,224.3,1,1,1.0
128,5,95.66,295.9,126.03999999999999,42.870000000000005,1,1,1.0
128,6,363.4,269.6,116.48000000000002,44.25999999999999,1,1,1.0
128,7,831.78,219.57,82.67000000000007,60.99000000000001,1,1,1.0
129,2,208.1,255.17,93.25000000000003,39.680000000000035,1,1,1.0
129,4,0.0,312.1,486.7,227.19999999999993,1,1,1.0
129,5,77.98,297.2,127.57000000000001,43.28000000000003,1,1,1.0
129,6,348.26,271.08,116.48000000000002,44.27000000000004,1,1,1.0
129,7,825.55,219.88,83.73000000000002,61.47000000000003,1,1,1.0
130,2,208.1,255.29,93.17999999999998,39.430000000000035,1,1,1.0
130,4,0.0,313.5,470.8,225.79999999999995,1,1,1.0
130,5,60.3,298.5,129.10000000000002,43.69,1,1,1.0
130,6,332.8,270.67,118.11000000000001,45.93000000000001,1,1,1.0
130,7,819.32,220.2,84.77999999999997,61.94,1,1,1.0
131,2,208.1,255.41,93.12000000000003,39.16999999999999,1,1,1.0
131,4,0.0,317.8,456.3,221.49999999999994,1,1,1.0
131,5,40.75,300.03,131.02,44.460000000000036,1,1,1.0
131,6,316.8,271.63,119.13999999999999,46.75,1,1,1.0
131,7,813.09,220.52,85.82999999999993,62.41,1,1,1.0
132,2,208.1,255.53,93.04999999999998,38.91999999999999,1,1,1.0
132,4,0.0,320.7,440.3,218.59999999999997,1,1,1.0
132,5,21.21,301.57,132.92,45.23000000000002,1,1,1.0
132,6,300.79,272.59,120.18,47.57000000000005,1,1,1.0
132,7,806.86,220.84,86.88,62.880000000000024,1,1,1.0
133,2,208.1,255.65,92.98999999999998,38.66,1,1,1.0
133,4,0.0,324.39,420.79,214.90999999999997,1,1,1.0
133,5,1.66,303.1,134.84,46.0,1,1,1.0
133,6,284.79,273.56,121.20999999999998,48.370000000000005,1,1,1.0
133,7,800.63,221.15,87.92999999999995,63.359999999999985,1,1,1.0
134,2,208.1,255.76,92.92999999999998,38.410000000000025,1,1,1.0
134,4,0.0,328.08,401.28,211.21999999999997,1,1,1.0
134,5,0.0,303.67,119.28,49.43000000000001,1,1,1.0
134,6,268.78,274.52,122.25,49.19,1,1,1.0
134,7,794.4,221.47,88.98000000000002,63.83000000000001,1,1,1.0
134,8,680.76,527.58,87.08000000000004,12.419999999999959,1,1,1.0
135,2,208.1,255.88,92.85999999999999,38.160000000000025,1,1,1.0
135,4,0.0,331.77,381.77,207.52999999999997,1,1,1.0
135,5,0.0,303.67,104.3,48.829999999999984,1,1,1.0
135,6,252.78,275.48,123.28,50.00999999999999,1,1,1.0
135,7,786.74,222.05,90.25,63.94,1,1,1.0
135,8,689.47,522.19,91.43999999999994,17.809999999999945,1,1,1.0
136,2,208.1,256.0,92.79999999999998,37.89999999999998,1,1,1.0
136,4,0.0,335.46,362.26,203.83999999999997,1,1,1.0
136,5,0.0,305.4,83.0,44.28000000000003,1,1,1.0
136,6,236.77,276.45,124.31999999999996,50.81999999999999,1,1,1.0
136,7,779.08,222.64,91.51999999999998,64.04000000000002,1,1,1.0
136,8,698.17,516.81,95.80000000000007,23.190000000000055,1,1,1.0
137,2,208.1,256.0,92.79999999999998,37.0,1,1,1.0
137,4,0.0,339.15,342.75,200.14999999999998,1,1,1.0
137,5,0.0,310.0,64.0,39.68000000000001,1,1,1.0
137,6,220.77,277.41,125.34,51.639999999999986,1,1,1.0
137,7,771.42,223.22,92.78000000000009,64.15,1,1,1.0
137,8,706.88,511.42,100.15999999999997,28.579999999999984,1,1,1.0
138,2,208.1,256.0,92.92999999999998,37.0,1,1,1.0
138,4,0.0,342.85,323.25,196.44999999999993,1,1,1.0
138,5,0.0,310.0,46.8,39.68000000000001,1,1,1.0
138,6,204.76,278.37,126.38,52.45999999999998,1,1,1.0
138,7,763.76,223.8,94.04999999999995,64.25999999999999,1,1,1.0
138,8,715.58,506.03,104.51999999999998,33.97000000000003,1,1,1.0
139,2,208.1,256.0,93.07000000000002,37.0,1,1,1.0
139,4,0.0,346.54,303.74,192.75999999999993,1,1,1.0
139,5,0.0,317.5,27.3,37.30000000000001,1,1,1.0
139,6,188.76,279.34,127.41000000000003,53.26000000000005,1,1,1.0
139,7,756.1,224.38,95.31999999999994,64.37,1,1,1.0
139,8,724.28,500.64,108.88999999999999,39.360000000000014,1,1,1.0
140,2,208.1,256.0,93.20000000000002,37.0,1,1,1.0
140,4,0.0,350.23,284.23,189.06999999999994,1,1,1.0
140,5,0.0,317.5,10.1,37.30000000000001,1,1,1.0
140,6,172.75,280.3,128.45,54.079999999999984,1,1,1.0
140,7,748.44,224.97,96.57999999999993,64.47,1,1,1.0
140,8,732.99,495.25,113.25,44.75,1,1,1.0
141,2,208.1,256.0,93.20000000000002,38.5,1,1,1.0
141,4,0.0,353.92,264.72,185.37999999999994,1,1,1.0
141,6,154.8,281.31,130.08999999999997,54.74000000000001,1,1,1.0
141,7,740.78,225.55,97.85000000000002,64.57999999999998,1,1,1.0
141,8,741.69,489.86,117.6099999999999,50.139999999999986,1,1,1.0
142,2,208.1,256.0,93.20000000000002,39.60000000000002,1,1,1.0
142,4,0.0,357.61,245.21,181.68999999999994,1,1,1.0
142,6,136.84,282.33,131.73999999999998,55.400000000000034,1,1,1.0
142,7,733.12,226.13,99.12,64.69,1,1,1.0
142,8,750.39,484.48,121.98000000000002,55.51999999999998,1,1,1.0
143,2,208.1,256.08,93.20000000000002,39.52000000000004,1,1,1.0
143,4,0.0,361.3,225.7,177.99999999999994,1,1,1.0
143,6,118.88,283.34,133.39000000000001,56.06,1,1,1.0
143,7,725.46,226.72,100.38,64.78999999999999,1,1,1.0
143,8,759.1,479.09,126.32999999999993,60.910000000000025,1,1,1.0
144,2,208.1,256.16,93.20000000000002,39.44,1,1,1.0
144,4,0.0,365.17,201.53,174.12999999999994,1,1,1.0
144,6,100.93,284.36,135.03,56.70999999999998,1,1,1.0
144,7,717.8,227.3,101.65000000000009,64.89999999999998,1,1,1.0
144,8,767.8,473.7,130.70000000000005,66.30000000000001,1,1,1.0
145,2,208.1,256.25,93.20000000000002,39.35000000000002,1,1,1.0
145,4,0.0,369.03,177.37,170.26999999999998,1,1,1.0
145,6,82.97,285.37,136.68,57.370000000000005,1,1,1.0
145,7,709.03,227.67,102.75999999999999,65.32000000000002,1,1,1.0
145,8,776.13,468.89,128.51999999999998,71.11000000000001,1,1,1.0
146,2,208.1,256.33,93.20000000000002,39.27000000000004,1,1,1.0
146,4,0.0,372.9,153.2,166.39999999999998,1,1,1.0
146,6,65.01,286.39,138.32999999999998,58.02000000000004,1,1,1.0
146,7,700.26,228.04,103.86000000000001,65.75000000000003,1,1,1.0
146,8,784.46,464.08,126.33999999999992,75.92000000000002,1,1,1.0
147,2,208.1,256.41,93.20000000000002,39.19,1,1,1.0
147,4,0.0,372.9,128.6,166.39999999999998,1,1,1.0
147,6,47.06,287.4,139.97,58.69,1,1,1.0
147,7,691.49,228.41,104.97000000000003,66.16999999999999,1,1,1.0
147,8,792.79,459.27,124.16000000000008,80.73000000000002,1,1,1.0
148,2,208.1,256.49,93.20000000000002,39.110000000000014,1,1,1.0
148,4,0.0,374.4,101.1,164.89999999999998,1,1,1.0
148,6,29.1,288.42,141.62,59.339999999999975,1,1,1.0
148,7,682.72,228.78,106.06999999999994,66.59,1,1,1.0
148,8,802.9,454.46,120.20000000000005,80.28000000000003,1,1,1.0
149,2,208.1,256.57,93.20000000000002,39.03000000000003,1,1,1.0
149,4,0.0,390.4,72.1,148.89999999999998,1,1,1.0
149,6,14.55,289.43,139.85999999999999,60.0,1,1,1.0
149,7,673.94,229.15,107.18999999999994,67.01000000000002,1,1,1.0
149,8,813.0,449.65,116.25,79.84000000000003,1,1,1.0
150,2,208.1,256.65,93.20000000000002,38.950000000000045,1,1,1.0
150,4,0.0,390.4,46.0,148.89999999999998,1,1,1.0
150,6,0.0,290.45,138.1,60.650000000000034,1,1,1.0
150,7,665.17,229.52,108.29000000000008,67.43999999999997,1,1,1.0
150,8,821.08,444.84,114.31999999999994,79.39000000000004,1,1,1.0
151,2,208.1,256.74,93.20000000000002,38.860000000000014,1,1,1.0
151,4,0.0,409.2,11.2,130.09999999999997,1,1,1.0
151,6,0.0,291.9,119.3,59.200000000000045,1,1,1.0
151,7,656.4,229.89,109.39999999999998,67.86000000000001,1,1,1.0
151,8,829.15,440.03,112.39999999999998,78.94000000000005,1,1,1.0
152,2,208.1,256.82,93.20000000000002,38.78000000000003,1,1,1.0
152,6,0.0,294.8,102.6,56.30000000000001,1,1,1.0
152,7,647.63,230.26,110.5,68.28000000000003,1,1,1.0
152,8,837.23,435.22,110.47000000000003,78.49000000000001,1,1,1.0
153,2,208.1,256.9,93.20000000000002,38.700000000000045,1,1,1.0
153,6,0.0,295.5,83.8,55.60000000000002,1,1,1.0
153,7,638.86,230.63,111.61000000000001,68.69999999999999,1,1,1.0
153,8,845.3,430.41,108.55000000000007,78.04999999999995,1,1,1.0
154,2,208.1,256.9,93.20000000000002,39.07000000000005,1,1,1.0
154,6,0.0,295.5,69.3,55.60000000000002,1,1,1.0
154,7,630.09,231.0,112.70999999999992,69.13,1,1,1.0
154,8,851.1,425.6,108.89999999999998,77.59999999999997,1,1,1.0
155,2,208.1,256.9,93.20000000000002,39.450000000000045,1,1,1.0
155,6,0.0,299.8,49.0,54.0,1,1,1.0
155,7,619.89,231.26,113.93000000000006,69.61000000000001,1,1,1.0
155,8,862.5,424.3,97.5,74.5,1,1,1.0
156,2,208.1,256.9,93.20000000000002,39.82000000000005,1,1,1.0
156,6,0.0,302.1,29.2,51.69999999999999,1,1,1.0
156,7,609.69,231.52,115.14999999999998,70.09,1,1,1.0
156,8,870.1,417.37,89.89999999999998,77.02999999999997,1,1,1.0
157,2,208.1,256.9,93.20000000000002,40.200000000000045,1,1,1.0
157,6,0.0,304.4,11.0,49.400000000000034,1,1,1.0
157,7,599.5,231.78,116.36000000000001,70.55999999999997,1,1,1.0
157,8,875.8,417.37,84.20000000000005,71.93,1,1,1.0
158,2,208.1,256.9,93.20000000000002,40.18000000000001,1,1,1.0
158,7,589.3,232.04,117.58000000000004,71.03999999999999,1,1,1.0
158,8,882.8,413.58,77.20000000000005,69.42000000000002,1,1,1.0
159,2,208.1,256.9,93.20000000000002,40.170000000000016,1,1,1.0
159,7,579.1,232.3,118.79999999999995,71.51999999999998,1,1,1.0
159,8,888.5,410.41,71.5,69.42999999999995,1,1,1.0
160,2,208.1,256.9,93.20000000000002,40.150000000000034,1,1,1.0
160,7,568.9,232.56,120.01999999999998,72.0,1,1,1.0
160,8,895.5,406.62,63.870000000000005,69.42000000000002,1,1,1.0
161,2,208.1,256.9,93.20000000000002,40.14000000000004,1,1,1.0
161,7,558.7,232.82,121.24000000000001,72.48000000000002,1,1,1.0
161,8,901.8,402.2,57.57000000000005,73.84000000000003,1,1,1.0
162,2,208.1,256.9,93.20000000000002,40.120000000000005,1,1,1.0
162,7,548.51,233.08,122.45000000000005,72.96000000000001,1,1,1.0
162,8,907.5,399.0,51.870000000000005,67.60000000000002,1,1,1.0
163,2,208.1,256.9,93.20000000000002,40.10000000000002,1,1,1.0
163,7,538.31,233.34,123.67000000000007,73.43999999999997,1,1,1.0
163,8,913.2,395.8,46.799999999999955,62.599999999999966,1,1,1.0
164,2,208.1,256.9,93.20000000000002,40.09000000000003,1,1,1.0
164,7,528.11,233.6,124.88999999999999,73.91999999999999,1,1,1.0
164,8,917.6,393.9,42.39999999999998,62.60000000000002,1,1,1.0
165,2,208.1,256.9,93.20000000000002,40.07000000000005,1,1,1.0
165,7,516.44,234.23,126.0,74.18000000000004,1,1,1.0
165,8,923.9,390.74,35.47000000000003,62.599999999999966,1,1,1.0
166,2,208.1,256.9,93.20000000000002,40.06,1,1,1.0
166,7,504.76,234.86,127.12,74.44999999999999,1,1,1.0
166,8,930.2,387.58,29.799999999999955,62.60000000000002,1,1,1.0
167,2,208.1,256.9,93.20000000000002,40.04000000000002,1,1,1.0
167,7,493.09,235.49,128.23000000000008,74.70999999999998,1,1,1.0
167,8,935.3,387.58,24.700000000000045,60.02000000000004,1,1,1.0
168,2,208.1,256.9,93.20000000000002,40.02000000000004,1,1,1.0
168,7,481.42,236.12,129.33999999999997,74.96999999999997,1,1,1.0
168,8,940.36,382.52,19.639999999999986,60.02000000000004,1,1,1.0
169,2,208.1,256.9,93.20000000000002,40.01000000000005,1,1,1.0
169,7,469.74,236.75,130.46000000000004,75.23000000000002,1,1,1.0
169,8,945.42,386.9,14.580000000000041,52.5,1,1,1.0
170,2,208.1,256.9,93.20000000000002,39.99000000000001,1,1,1.0
170,7,458.07,237.38,131.57,75.49000000000001,1,1,1.0
170,8,951.75,393.9,8.25,45.5,1,1,1.0
171,2,208.1,256.9,93.20000000000002,39.98000000000002,1,1,1.0
171,7,446.4,238.01,132.68000000000006,75.75,1,1,1.0
171,8,954.28,397.1,5.720000000000027,37.19999999999999,1,1,1.0
172,2,208.1,256.9,93.20000000000002,39.960000000000036,1,1,1.0
172,7,434.72,238.64,133.79999999999995,76.00999999999999,1,1,1.0
173,2,208.1,256.9,93.20000000000002,39.94,1,1,1.0
173,7,423.05,239.27,134.91000000000003,76.27000000000001,1,1,1.0
174,2,208.1,256.9,93.20000000000002,39.93000000000001,1,1,1.0
174,7,411.38,239.9,136.01999999999998,76.53,1,1,1.0
175,2,208.1,256.9,93.20000000000002,39.910000000000025,1,1,1.0
175,7,400.48,240.03,136.40999999999997,76.6,1,1,1.0
176,2,208.1,256.9,93.20000000000002,39.900000000000034,1,1,1.0
176,7,389.58,240.16,136.8,76.66999999999999,1,1,1.0
177,2,208.1,256.9,93.20000000000002,39.879999999999995,1,1,1.0
177,7,378.68,240.29,137.19,76.72999999999999,1,1,1.0
178,2,208.1,256.9,93.20000000000002,39.860000000000014,1,1,1.0
178,7,367.78,240.42,137.58000000000004,76.80000000000004,1,1,1.0
179,2,208.1,256.9,93.20000000000002,39.85000000000002,1,1,1.0
179,7,356.88,240.55,137.97000000000003,76.87,1,1,1.0
180,2,208.1,256.9,93.20000000000002,39.83000000000004,1,1,1.0
180,7,345.98,240.68,138.35999999999996,76.93,1,1,1.0
181,2,208.1,256.9,93.20000000000002,39.82000000000005,1,1,1.0
181,7,335.08,240.81,138.75,77.0,1,1,1.0
182,2,208.1,256.9,93.20000000000002,39.80000000000001,1,1,1.0
182,7,324.18,240.94,139.14,77.07,1,1,1.0
183,2,208.1,256.9,92.83000000000001,39.80000000000001,1,1,1.0
183,7,313.28,241.07,139.53000000000003,77.13,1,1,1.0
184,2,208.1,256.9,92.45000000000002,39.80000000000001,1,1,1.0
184,7,302.38,241.2,139.92000000000002,77.19999999999999,1,1,1.0
185,2,208.1,256.9,92.08000000000001,39.80000000000001,1,1,1.0
185,7,290.3,242.07,140.8,77.95999999999998,1,1,1.0
186,2,208.1,256.9,91.70000000000002,39.80000000000001,1,1,1.0
186,7,278.22,242.94,141.66999999999996,78.73000000000002,1,1,1.0
187,2,209.0,256.9,85.60000000000002,39.80000000000001,1,1,1.0
187,7,266.14,243.81,142.55,79.49000000000001,1,1,1.0
188,2,208.1,256.9,86.50000000000003,39.80000000000001,1,1,1.0
188,7,254.06,244.68,143.42000000000002,80.25,1,1,1.0
189,2,208.1,256.9,63.70000000000002,39.80000000000001,1,1,1.0
189,7,241.98,245.55,144.29999999999998,81.01999999999998,1,1,1.0
190,2,208.1,256.9,52.599999999999994,39.80000000000001,1,1,1.0
190,7,229.9,246.42,145.17,81.78,1,1,1.0
